project,bug_num,test_name,test_prefix,except_pred,assert_pred
project,0,test000,"public void test000() throws Throwable {
    IIOMetadataNode iIOMetadataNode0 = new IIOMetadataNode();
    Node node0 = iIOMetadataNode0.removeChild(iIOMetadataNode0);
    Locale locale0 = Locale.PRC;
    DOMNodePointer dOMNodePointer0 = new DOMNodePointer(node0, locale0);
    Object object0 = dOMNodePointer0.getValue();
    assertEquals("""", object0);
}",0,
project,0,test011,"public void test011() throws Throwable {
    IIOMetadataNode iIOMetadataNode0 = new IIOMetadataNode(""\""descendant:"");
    Node node0 = iIOMetadataNode0.cloneNode(true);
    Node node1 = iIOMetadataNode0.insertBefore(node0, node0);
    String string0 = DOMNodePointer.getNamespaceURI(node1);
    assertNull(string0);
}",0,assertNotNull(string0)
project,0,test022,"public void test022() throws Throwable {
    IIOMetadataNode iIOMetadataNode0 = new IIOMetadataNode(""\""descendant::\"""");
    Locale locale0 = Locale.KOREA;
    DOMNodePointer dOMNodePointer0 = new DOMNodePointer(iIOMetadataNode0, locale0, ""]"");
    QName qName0 = dOMNodePointer0.getName();
    NodeNameTest nodeNameTest0 = new NodeNameTest(qName0);
    boolean boolean0 = dOMNodePointer0.testNode((NodeTest) nodeNameTest0);
    assertTrue(boolean0);
}",0,assertTrue(boolean0)
project,0,test023,"public void test023() throws Throwable {
    IIOMetadataNode iIOMetadataNode0 = new IIOMetadataNode(""\""descendant::\"""");
    Locale locale0 = Locale.KOREA;
    DOMNodePointer dOMNodePointer0 = new DOMNodePointer(iIOMetadataNode0, locale0, ""]"");
    QName qName0 = dOMNodePointer0.getName();
    NodeNameTest nodeNameTest0 = new NodeNameTest(qName0);
    boolean boolean0 = dOMNodePointer0.testNode((NodeTest) nodeNameTest0);
    assertEquals(""\""descendant::\""descendant::\"""", nodeNameTest0.toString());
}",0,assertNotNull(nodeNameTest0.toString())
project,0,test034,"public void test034() throws Throwable {
    IIOMetadataNode iIOMetadataNode0 = new IIOMetadataNode("""");
    Locale locale0 = Locale.CANADA_FRENCH;
    DOMNodePointer dOMNodePointer0 = new DOMNodePointer(iIOMetadataNode0, locale0, """");
    boolean boolean0 = dOMNodePointer0.isLanguage("""");
    assertTrue(boolean0);
}",0,assertTrue(boolean0)
project,0,test045,"public void test045() throws Throwable {
    IIOMetadataNode iIOMetadataNode0 = new IIOMetadataNode(""9D/ze,^TeRr!e"");
    String string0 = DOMNodePointer.getLocalName(iIOMetadataNode0);
    assertEquals(""9D/ze,^TeRr!e"", string0);
}",0,
project,0,test056,"public void test056() throws Throwable {
    IIOMetadataNode iIOMetadataNode0 = new IIOMetadataNode(""org.apache.commons.jxpath.ri.model.dom.DOMNodePointer"");
    Locale locale0 = Locale.KOREA;
    DOMNodePointer dOMNodePointer0 = new DOMNodePointer(iIOMetadataNode0, locale0, ""]"");
    String string0 = dOMNodePointer0.getLanguage();
    assertNull(string0);
}",0,assertNotNull(string0)
project,0,test067,"public void test067() throws Throwable {
    IIOMetadataNode iIOMetadataNode0 = new IIOMetadataNode((String) null);
    Locale locale0 = Locale.KOREAN;
    DOMNodePointer dOMNodePointer0 = new DOMNodePointer(iIOMetadataNode0, locale0);
    Object object0 = dOMNodePointer0.getImmediateNode();
    assertSame(iIOMetadataNode0, object0);
}",0,
project,0,test078,"public void test078() throws Throwable {
    DOMNodePointer dOMNodePointer0 = new DOMNodePointer((Node) null, (Locale) null);
    Object object0 = dOMNodePointer0.getBaseValue();
    assertNull(object0);
}",0,
project,0,test089,"public void test089() throws Throwable {
    NodeTypeTest nodeTypeTest0 = new NodeTypeTest(0);
    // Undeclared exception!
    try {
        DOMNodePointer.testNode((Node) null, (NodeTest) nodeTypeTest0);
        fail(""Expecting exception: NullPointerException"");
    } catch (NullPointerException e) {
        //
        // no message in exception (getMessage() returned null)
        //
        verifyException(""org.apache.commons.jxpath.ri.model.dom.DOMNodePointer"", e);
    }
}",0,
project,0,test0910,"public void test0910() throws Throwable {
    DOMNodePointer dOMNodePointer0 = new DOMNodePointer((NodePointer) null, (Node) null);
    QName qName0 = new QName("""");
    NodeNameTest nodeNameTest0 = new NodeNameTest(qName0);
    // Undeclared exception!
    try {
        dOMNodePointer0.testNode((NodeTest) nodeNameTest0);
        fail(""Expecting exception: NullPointerException"");
    } catch (NullPointerException e) {
        //
        // no message in exception (getMessage() returned null)
        //
        verifyException(""org.apache.commons.jxpath.ri.model.dom.DOMNodePointer"", e);
    }
}",0,
project,0,test1011,"public void test1011() throws Throwable {
    DOMNodePointer dOMNodePointer0 = new DOMNodePointer((Node) null, (Locale) null);
    // Undeclared exception!
    try {
        dOMNodePointer0.remove();
        fail(""Expecting exception: NullPointerException"");
    } catch (NullPointerException e) {
        //
        // no message in exception (getMessage() returned null)
        //
        verifyException(""org.apache.commons.jxpath.ri.model.dom.DOMNodePointer"", e);
    }
}",1,
project,0,test1112,"public void test1112() throws Throwable {
    Locale locale0 = Locale.FRANCE;
    DOMNodePointer dOMNodePointer0 = new DOMNodePointer((Node) null, locale0);
    // Undeclared exception!
    try {
        dOMNodePointer0.namespaceIterator();
        fail(""Expecting exception: NullPointerException"");
    } catch (NullPointerException e) {
        //
        // no message in exception (getMessage() returned null)
        //
        verifyException(""org.apache.commons.jxpath.ri.model.dom.DOMNamespaceIterator"", e);
    }
}",0,
project,0,test1213,"public void test1213() throws Throwable {
    Locale locale0 = Locale.JAPAN;
    DOMNodePointer dOMNodePointer0 = new DOMNodePointer((Node) null, locale0);
    // Undeclared exception!
    try {
        dOMNodePointer0.isLeaf();
        fail(""Expecting exception: NullPointerException"");
    } catch (NullPointerException e) {
        //
        // no message in exception (getMessage() returned null)
        //
        verifyException(""org.apache.commons.jxpath.ri.model.dom.DOMNodePointer"", e);
    }
}",0,
project,0,test1314,"public void test1314() throws Throwable {
    IIOMetadataNode iIOMetadataNode0 = new IIOMetadataNode();
    DOMNodePointer dOMNodePointer0 = new DOMNodePointer((NodePointer) null, iIOMetadataNode0);
    // Undeclared exception!
    try {
        dOMNodePointer0.isLanguage(""<<unknown namespace>>"");
        fail(""Expecting exception: NullPointerException"");
    } catch (NullPointerException e) {
        //
        // no message in exception (getMessage() returned null)
        //
        verifyException(""org.apache.commons.jxpath.ri.model.NodePointer"", e);
    }
}",0,
project,0,test1515,"public void test1515() throws Throwable {
    Locale locale0 = Locale.FRANCE;
    DOMNodePointer dOMNodePointer0 = new DOMNodePointer((Node) null, locale0, (String) null);
    // Undeclared exception!
    try {
        dOMNodePointer0.getValue();
        fail(""Expecting exception: NullPointerException"");
    } catch (NullPointerException e) {
        //
        // no message in exception (getMessage() returned null)
        //
        verifyException(""org.apache.commons.jxpath.ri.model.dom.DOMNodePointer"", e);
    }
}",0,
project,0,test1616,"public void test1616() throws Throwable {
    // Undeclared exception!
    try {
        DOMNodePointer.getPrefix((Node) null);
        fail(""Expecting exception: NullPointerException"");
    } catch (NullPointerException e) {
        //
        // no message in exception (getMessage() returned null)
        //
        verifyException(""org.apache.commons.jxpath.ri.model.dom.DOMNodePointer"", e);
    }
}",0,
project,0,test1817,"public void test1817() throws Throwable {
    IIOMetadataNode iIOMetadataNode0 = new IIOMetadataNode();
    // Undeclared exception!
    try {
        DOMNodePointer.getNamespaceURI((Node) iIOMetadataNode0);
        fail(""Expecting exception: NullPointerException"");
    } catch (NullPointerException e) {
        //
        // no message in exception (getMessage() returned null)
        //
        verifyException(""org.apache.commons.jxpath.ri.model.dom.DOMNodePointer"", e);
    }
}",0,
project,0,test1918,"public void test1918() throws Throwable {
    DOMNodePointer dOMNodePointer0 = new DOMNodePointer((Node) null, (Locale) null, ""SR2xw+9Lr#}&r&(e^^"");
    // Undeclared exception!
    try {
        dOMNodePointer0.getNamespaceURI();
        fail(""Expecting exception: NullPointerException"");
    } catch (NullPointerException e) {
        //
        // no message in exception (getMessage() returned null)
        //
    }
}",0,
project,0,test2019,"public void test2019() throws Throwable {
    Locale locale0 = Locale.ENGLISH;
    DOMNodePointer dOMNodePointer0 = new DOMNodePointer((Node) null, locale0, """");
    // Undeclared exception!
    try {
        dOMNodePointer0.getName();
        fail(""Expecting exception: NullPointerException"");
    } catch (NullPointerException e) {
        //
        // no message in exception (getMessage() returned null)
        //
        verifyException(""org.apache.commons.jxpath.ri.model.dom.DOMNodePointer"", e);
    }
}",0,
project,0,test2120,"public void test2120() throws Throwable {
    IIOMetadataNode iIOMetadataNode0 = new IIOMetadataNode(""org.apache.commons.jxpath.ri.model.dom.DOMNodePointer"");
    Locale locale0 = Locale.KOREA;
    DOMNodePointer dOMNodePointer0 = new DOMNodePointer(iIOMetadataNode0, locale0, ""]"");
    QName qName0 = dOMNodePointer0.getName();
    dOMNodePointer0.createAttribute((JXPathContext) null, qName0);
    // Undeclared exception!
    try {
        DOMNodePointer.findEnclosingAttribute(iIOMetadataNode0, (String) null);
        fail(""Expecting exception: NullPointerException"");
    } catch (NullPointerException e) {
        //
        // no message in exception (getMessage() returned null)
        //
    }
}",0,
project,0,test2221,"public void test2221() throws Throwable {
    IIOMetadataNode iIOMetadataNode0 = new IIOMetadataNode();
    DOMNodePointer dOMNodePointer0 = new DOMNodePointer((NodePointer) null, iIOMetadataNode0);
    // Undeclared exception!
    try {
        dOMNodePointer0.createChild((JXPathContext) null, (QName) null, (-2157), (Object) dOMNodePointer0);
        fail(""Expecting exception: NullPointerException"");
    } catch (NullPointerException e) {
        //
        // no message in exception (getMessage() returned null)
        //
        verifyException(""org.apache.commons.jxpath.ri.model.NodePointer"", e);
    }
}",0,
project,0,test2322,"public void test2322() throws Throwable {
    Locale locale0 = Locale.ENGLISH;
    DOMNodePointer dOMNodePointer0 = new DOMNodePointer((Node) null, locale0);
    JXPathContext jXPathContext0 = JXPathContext.newContext((Object) null);
    QName qName0 = new QName(""L6EZCml!Dp ,k`njD~"");
    // Undeclared exception!
    try {
        dOMNodePointer0.createChild(jXPathContext0, qName0, (-3763));
        fail(""Expecting exception: NullPointerException"");
    } catch (NullPointerException e) {
        //
        // no message in exception (getMessage() returned null)
        //
        verifyException(""org.apache.commons.jxpath.ri.model.dom.DOMNodePointer"", e);
    }
}",0,
project,0,test2423,"public void test2423() throws Throwable {
    Locale locale0 = Locale.US;
    DOMNodePointer dOMNodePointer0 = new DOMNodePointer((Node) null, locale0, ""["");
    QName qName0 = new QName(""<<unknown namespace>>"");
    VariablePointer variablePointer0 = new VariablePointer(qName0);
    // Undeclared exception!
    try {
        dOMNodePointer0.compareChildNodePointers(variablePointer0, variablePointer0);
        fail(""Expecting exception: RuntimeException"");
    } catch (RuntimeException e) {
        //
        // Undefined variable: <<unknown namespace>>
        //
        verifyException(""org.apache.commons.jxpath.ri.model.VariablePointer"", e);
    }
}",0,
project,0,test2524,"public void test2524() throws Throwable {
    IIOMetadataNode iIOMetadataNode0 = new IIOMetadataNode(""org.apache.commons.jxpath.ri.model.dom.DOMNodePointer"");
    Locale locale0 = Locale.KOREA;
    DOMNodePointer dOMNodePointer0 = new DOMNodePointer(iIOMetadataNode0, locale0, ""]"");
    QName qName0 = dOMNodePointer0.getName();
    NodePointer nodePointer0 = dOMNodePointer0.namespacePointer(""Aau%'&Zb4%W)q7OWA"");
    NodePointer nodePointer1 = dOMNodePointer0.createAttribute((JXPathContext) null, qName0);
    // Undeclared exception!
    try {
        dOMNodePointer0.compareChildNodePointers(nodePointer0, nodePointer1);
        fail(""Expecting exception: NullPointerException"");
    } catch (NullPointerException e) {
        //
        // no message in exception (getMessage() returned null)
        //
        verifyException(""org.apache.commons.jxpath.ri.model.dom.DOMNodePointer"", e);
    }
}",0,
project,0,test2625,"public void test2625() throws Throwable {
    QName qName0 = new QName("""");
    VariablePointer variablePointer0 = new VariablePointer(qName0);
    DOMNodePointer dOMNodePointer0 = new DOMNodePointer(variablePointer0, (Node) null);
    // Undeclared exception!
    try {
        dOMNodePointer0.childIterator((NodeTest) null, true, variablePointer0);
        fail(""Expecting exception: RuntimeException"");
    } catch (RuntimeException e) {
        //
        // Undefined variable:
        //
        verifyException(""org.apache.commons.jxpath.ri.model.VariablePointer$1"", e);
    }
}",0,
project,0,test2726,"public void test2726() throws Throwable {
    BasicVariables basicVariables0 = new BasicVariables();
    QName qName0 = new QName(""`"");
    VariablePointer variablePointer0 = new VariablePointer(basicVariables0, qName0);
    DOMNodePointer dOMNodePointer0 = new DOMNodePointer(variablePointer0, (Node) null);
    NodeTypeTest nodeTypeTest0 = new NodeTypeTest(Integer.MIN_VALUE);
    // Undeclared exception!
    try {
        dOMNodePointer0.childIterator(nodeTypeTest0, false, variablePointer0);
        fail(""Expecting exception: IllegalArgumentException"");
    } catch (IllegalArgumentException e) {
        //
        // No such variable: '`'
        //
        verifyException(""org.apache.commons.jxpath.BasicVariables"", e);
    }
}",0,
project,0,test2827,"public void test2827() throws Throwable {
    Locale locale0 = Locale.CHINESE;
    DOMNodePointer dOMNodePointer0 = new DOMNodePointer((Node) null, locale0, ""4"");
    ProcessingInstructionTest processingInstructionTest0 = new ProcessingInstructionTest(""4"");
    QName qName0 = new QName(""<<unknown namespace>>"", ""0ipz]M*_C-M8E0:"");
    NodePointer nodePointer0 = NodePointer.newChildNodePointer(dOMNodePointer0, qName0, processingInstructionTest0);
    // Undeclared exception!
    try {
        dOMNodePointer0.childIterator(processingInstructionTest0, false, nodePointer0);
        fail(""Expecting exception: ClassCastException"");
    } catch (ClassCastException e) {
        //
        // org.apache.commons.jxpath.ri.compiler.ProcessingInstructionTest cannot be cast to org.w3c.dom.Node
        //
        verifyException(""org.apache.commons.jxpath.ri.model.dom.DOMNodeIterator"", e);
    }
}",0,
project,0,test2928,"public void test2928() throws Throwable {
    IIOMetadataNode iIOMetadataNode0 = new IIOMetadataNode(""xml:space"");
    Locale locale0 = Locale.ITALY;
    DOMNodePointer dOMNodePointer0 = new DOMNodePointer(iIOMetadataNode0, locale0);
    // Undeclared exception!
    try {
        dOMNodePointer0.attributeIterator((QName) null);
        fail(""Expecting exception: NullPointerException"");
    } catch (NullPointerException e) {
        //
        // no message in exception (getMessage() returned null)
        //
        verifyException(""org.apache.commons.jxpath.ri.model.dom.DOMAttributeIterator"", e);
    }
}",0,
project,0,test3029,"public void test3029() throws Throwable {
    IIOMetadataNode iIOMetadataNode0 = new IIOMetadataNode();
    Locale locale0 = Locale.KOREAN;
    DOMNodePointer dOMNodePointer0 = new DOMNodePointer(iIOMetadataNode0, locale0);
    DOMNodePointer dOMNodePointer1 = new DOMNodePointer(dOMNodePointer0, iIOMetadataNode0);
    // Undeclared exception!
    try {
        dOMNodePointer1.asPath();
        fail(""Expecting exception: NullPointerException"");
    } catch (NullPointerException e) {
        //
        // no message in exception (getMessage() returned null)
        //
        verifyException(""org.apache.commons.jxpath.ri.model.dom.DOMNodePointer"", e);
    }
}",0,
project,0,test3130,"public void test3130() throws Throwable {
    IIOMetadataNode iIOMetadataNode0 = new IIOMetadataNode(""["");
    Locale locale0 = Locale.KOREA;
    DOMNodePointer dOMNodePointer0 = new DOMNodePointer(iIOMetadataNode0, locale0, ""]"");
    Object object0 = dOMNodePointer0.getValue();
    assertEquals("""", object0);
}",0,
project,0,test3231,"public void test3231() throws Throwable {
    IIOMetadataNode iIOMetadataNode0 = new IIOMetadataNode("""");
    String string0 = DOMNodePointer.getLocalName(iIOMetadataNode0);
    assertEquals("""", string0);
}",0,
project,0,test3332,"public void test3332() throws Throwable {
    IIOMetadataNode iIOMetadataNode0 = new IIOMetadataNode();
    // Undeclared exception!
    try {
        DOMNodePointer.getLocalName(iIOMetadataNode0);
        fail(""Expecting exception: NullPointerException"");
    } catch (NullPointerException e) {
        //
        // no message in exception (getMessage() returned null)
        //
        verifyException(""org.apache.commons.jxpath.ri.model.dom.DOMNodePointer"", e);
    }
}",0,
project,0,test3433,"public void test3433() throws Throwable {
    IIOMetadataNode iIOMetadataNode0 = new IIOMetadataNode(""xml:space"");
    String string0 = DOMNodePointer.getPrefix(iIOMetadataNode0);
    assertEquals(""xml"", string0);
}",0,
project,0,test3434,"public void test3434() throws Throwable {
    IIOMetadataNode iIOMetadataNode0 = new IIOMetadataNode(""xml:space"");
    String string0 = DOMNodePointer.getPrefix(iIOMetadataNode0);
    assertNotNull(string0);
}",0,
project,0,test3535,"public void test3535() throws Throwable {
    IIOMetadataNode iIOMetadataNode0 = new IIOMetadataNode(""02z<"");
    String string0 = DOMNodePointer.getPrefix(iIOMetadataNode0);
    assertNull(string0);
}",0,
project,0,test3636,"public void test3636() throws Throwable {
    IIOMetadataNode iIOMetadataNode0 = new IIOMetadataNode();
    IIOMetadataNode iIOMetadataNode1 = new IIOMetadataNode(""79t<8=6$\""(>T"");
    Node node0 = iIOMetadataNode1.cloneNode(false);
    Node node1 = iIOMetadataNode0.replaceChild(node0, node0);
    Locale locale0 = Locale.GERMANY;
    DOMNodePointer dOMNodePointer0 = new DOMNodePointer(node1, locale0);
    QName qName0 = dOMNodePointer0.getName();
    NodePointer nodePointer0 = NodePointer.newChildNodePointer(dOMNodePointer0, qName0, iIOMetadataNode1);
    String string0 = nodePointer0.asPath();
    assertEquals(""/79t<8=6$\""(>T[1]"", string0);
}",0,assertNotNull(string0)
project,0,test3637,"public void test3637() throws Throwable {
    IIOMetadataNode iIOMetadataNode0 = new IIOMetadataNode();
    IIOMetadataNode iIOMetadataNode1 = new IIOMetadataNode(""79t<8=6$\""(>T"");
    Node node0 = iIOMetadataNode1.cloneNode(false);
    Node node1 = iIOMetadataNode0.replaceChild(node0, node0);
    Locale locale0 = Locale.GERMANY;
    DOMNodePointer dOMNodePointer0 = new DOMNodePointer(node1, locale0);
    QName qName0 = dOMNodePointer0.getName();
    NodePointer nodePointer0 = NodePointer.newChildNodePointer(dOMNodePointer0, qName0, iIOMetadataNode1);
    String string0 = nodePointer0.asPath();
    assertEquals(""79t<8=6$\""(>T"", qName0.toString());
}",0,assertNotNull(qName0.toString())
project,0,test3738,"public void test3738() throws Throwable {
    IIOMetadataNode iIOMetadataNode0 = new IIOMetadataNode();
    DOMNodePointer dOMNodePointer0 = new DOMNodePointer((NodePointer) null, iIOMetadataNode0);
    String string0 = dOMNodePointer0.asPath();
    assertEquals("""", string0);
}",0,
project,0,test3839,"public void test3839() throws Throwable {
    IIOMetadataNode iIOMetadataNode0 = new IIOMetadataNode(""["");
    Locale locale0 = Locale.KOREA;
    DOMNodePointer dOMNodePointer0 = new DOMNodePointer(iIOMetadataNode0, locale0, ""]"");
    String string0 = dOMNodePointer0.asPath();
    assertEquals(""id(']')"", string0);
}",0,
project,0,test3940,"public void test3940() throws Throwable {
    Locale locale0 = new Locale(""org.apache.commons.jxpath.ri.model.container.ContainerPointerFactory"");
    DOMNodePointer dOMNodePointer0 = new DOMNodePointer((Node) null, locale0, ""org.apache.commons.jxpath.ri.model.container.ContainerPointerFactory"");
    JXPathContext jXPathContext0 = JXPathContext.newContext((Object) null);
    // Undeclared exception!
    try {
        dOMNodePointer0.createChild(jXPathContext0, (QName) null, Integer.MIN_VALUE);
        fail(""Expecting exception: RuntimeException"");
    } catch (RuntimeException e) {
        //
        // Factory is not set on the JXPathContext - cannot create path: id('org.apache.commons.jxpath.ri.model.container.ContainerPointerFactory')
        //
        verifyException(""org.apache.commons.jxpath.ri.model.NodePointer"", e);
    }
}",0,
project,0,test4041,"public void test4041() throws Throwable {
    Locale locale0 = Locale.KOREAN;
    DOMNodePointer dOMNodePointer0 = new DOMNodePointer((Node) null, locale0, """");
    dOMNodePointer0.getDefaultNamespaceURI();
    String string0 = dOMNodePointer0.getDefaultNamespaceURI();
    assertNull(string0);
}",0,
project,0,test4142,"public void test4142() throws Throwable {
    IIOMetadataNode iIOMetadataNode0 = new IIOMetadataNode();
    Locale locale0 = Locale.PRC;
    DOMNodePointer dOMNodePointer0 = new DOMNodePointer(iIOMetadataNode0, locale0);
    String string0 = dOMNodePointer0.getNamespaceURI(""xmlns"");
    assertNotNull(string0);
}",0,
project,0,test4143,"public void test4143() throws Throwable {
    IIOMetadataNode iIOMetadataNode0 = new IIOMetadataNode();
    Locale locale0 = Locale.PRC;
    DOMNodePointer dOMNodePointer0 = new DOMNodePointer(iIOMetadataNode0, locale0);
    String string0 = dOMNodePointer0.getNamespaceURI(""xmlns"");
    assertEquals(""http://www.w3.org/2000/xmlns/"", string0);
}",0,
project,0,test4244,"public void test4244() throws Throwable {
    IIOMetadataNode iIOMetadataNode0 = new IIOMetadataNode("""");
    Locale locale0 = Locale.ENGLISH;
    DOMNodePointer dOMNodePointer0 = new DOMNodePointer(iIOMetadataNode0, locale0, ""Lwlq8hR*hLL`$^%"");
    String string0 = dOMNodePointer0.getNamespaceURI(""org.apache.commons.jxpath.ri.JXPathContextFactoryReferenceImpl"");
    assertNull(string0);
}",0,
project,0,test4345,"public void test4345() throws Throwable {
    Locale locale0 = new Locale(""java.util.concurrent.atomic.AtomicBoolean"", ""{*"", ""{*"");
    DOMNodePointer dOMNodePointer0 = new DOMNodePointer((Node) null, locale0, "".0"");
    String string0 = dOMNodePointer0.getNamespaceURI("""");
    assertNull(string0);
}",0,
project,0,test4446,"public void test4446() throws Throwable {
    IIOMetadataNode iIOMetadataNode0 = new IIOMetadataNode(""["");
    ProcessingInstructionTest processingInstructionTest0 = new ProcessingInstructionTest(""http://www.w3.org/XML/1998/namespace"");
    boolean boolean0 = DOMNodePointer.testNode((Node) iIOMetadataNode0, (NodeTest) processingInstructionTest0);
    assertFalse(boolean0);
}",0,
project,0,test4547,"public void test4547() throws Throwable {
    IIOMetadataNode iIOMetadataNode0 = new IIOMetadataNode(""["");
    Locale locale0 = Locale.KOREA;
    DOMNodePointer dOMNodePointer0 = new DOMNodePointer(iIOMetadataNode0, locale0, ""]"");
    QName qName0 = dOMNodePointer0.getName();
    NodeNameTest nodeNameTest0 = new NodeNameTest(qName0, ""<<unknown namespace>>"");
    boolean boolean0 = DOMNodePointer.testNode((Node) iIOMetadataNode0, (NodeTest) nodeNameTest0);
    assertTrue(boolean0);
}",0,
project,0,test4548,"public void test4548() throws Throwable {
    IIOMetadataNode iIOMetadataNode0 = new IIOMetadataNode(""["");
    Locale locale0 = Locale.KOREA;
    DOMNodePointer dOMNodePointer0 = new DOMNodePointer(iIOMetadataNode0, locale0, ""]"");
    QName qName0 = dOMNodePointer0.getName();
    NodeNameTest nodeNameTest0 = new NodeNameTest(qName0, ""<<unknown namespace>>"");
    boolean boolean0 = DOMNodePointer.testNode((Node) iIOMetadataNode0, (NodeTest) nodeNameTest0);
    assertEquals(""["", nodeNameTest0.toString());
}",0,assertNotNull(nodeNameTest0.toString())
project,0,test4649,"public void test4649() throws Throwable {
    IIOMetadataNode iIOMetadataNode0 = new IIOMetadataNode(""["");
    Locale locale0 = Locale.KOREA;
    DOMNodePointer dOMNodePointer0 = new DOMNodePointer(iIOMetadataNode0, locale0, ""]"");
    QName qName0 = dOMNodePointer0.getName();
    NodeNameTest nodeNameTest0 = new NodeNameTest(qName0);
    boolean boolean0 = DOMNodePointer.testNode((Node) iIOMetadataNode0, (NodeTest) nodeNameTest0);
    assertTrue(boolean0);
}",0,
project,0,test4650,"public void test4650() throws Throwable {
    IIOMetadataNode iIOMetadataNode0 = new IIOMetadataNode(""["");
    Locale locale0 = Locale.KOREA;
    DOMNodePointer dOMNodePointer0 = new DOMNodePointer(iIOMetadataNode0, locale0, ""]"");
    QName qName0 = dOMNodePointer0.getName();
    NodeNameTest nodeNameTest0 = new NodeNameTest(qName0);
    boolean boolean0 = DOMNodePointer.testNode((Node) iIOMetadataNode0, (NodeTest) nodeNameTest0);
    assertEquals(""["", nodeNameTest0.toString());
}",0,assertNotNull(nodeNameTest0.toString())
project,0,test4751,"public void test4751() throws Throwable {
    Locale locale0 = Locale.SIMPLIFIED_CHINESE;
    DOMNodePointer dOMNodePointer0 = new DOMNodePointer((Node) null, locale0);
    Object object0 = dOMNodePointer0.getImmediateNode();
    assertNull(object0);
}",0,assertNotNull(object0)
project,0,test4852,"public void test4852() throws Throwable {
    IIOMetadataNode iIOMetadataNode0 = new IIOMetadataNode("""");
    Locale locale0 = Locale.GERMANY;
    DOMNodePointer dOMNodePointer0 = new DOMNodePointer(iIOMetadataNode0, locale0);
    Object object0 = dOMNodePointer0.getBaseValue();
    assertSame(iIOMetadataNode0, object0);
}",0,
project,0,test4953,"public void test4953() throws Throwable {
    IIOMetadataNode iIOMetadataNode0 = new IIOMetadataNode();
    Locale locale0 = Locale.GERMANY;
    DOMNodePointer dOMNodePointer0 = new DOMNodePointer(iIOMetadataNode0, locale0);
    int int0 = dOMNodePointer0.compareChildNodePointers(dOMNodePointer0, dOMNodePointer0);
    assertEquals(0, int0);
}",0,
project,0,test5054,"public void test5054() throws Throwable {
    IIOMetadataNode iIOMetadataNode0 = new IIOMetadataNode();
    DOMNodePointer dOMNodePointer0 = new DOMNodePointer((NodePointer) null, iIOMetadataNode0);
    // Undeclared exception!
    try {
        dOMNodePointer0.getPointerByID((JXPathContext) null, ""+GtYQI&%Zq2"");
        fail(""Expecting exception: NullPointerException"");
    } catch (NullPointerException e) {
        //
        // no message in exception (getMessage() returned null)
        //
        verifyException(""org.apache.commons.jxpath.ri.model.dom.DOMNodePointer"", e);
    }
}",0,
project,0,test5155,"public void test5155() throws Throwable {
    IIOMetadataNode iIOMetadataNode0 = new IIOMetadataNode("""");
    iIOMetadataNode0.setAttribute("""", (String) null);
    Locale locale0 = Locale.ITALY;
    DOMNodePointer dOMNodePointer0 = new DOMNodePointer(iIOMetadataNode0, locale0, """");
    NodeIterator nodeIterator0 = dOMNodePointer0.namespaceIterator();
    assertEquals(0, nodeIterator0.getPosition());
}",0,"assertEquals(1, nodeIterator0.getPosition())"
project,0,test5256,"public void test5256() throws Throwable {
    Locale locale0 = Locale.US;
    DOMNodePointer dOMNodePointer0 = new DOMNodePointer((Node) null, locale0);
    BasicVariables basicVariables0 = new BasicVariables();
    QName qName0 = new QName(""\""floor\"""", ""http://www.w3.org/XML/1998/namespace"");
    VariablePointer variablePointer0 = new VariablePointer(basicVariables0, qName0);
    DOMNodePointer dOMNodePointer1 = new DOMNodePointer(variablePointer0, (Node) null);
    boolean boolean0 = dOMNodePointer0.equals(dOMNodePointer1);
    assertTrue(boolean0);
}",0,assertTrue(boolean0)
project,0,test5357,"public void test5357() throws Throwable {
    IIOMetadataNode iIOMetadataNode0 = new IIOMetadataNode();
    Locale locale0 = Locale.GERMANY;
    DOMNodePointer dOMNodePointer0 = new DOMNodePointer(iIOMetadataNode0, locale0);
    boolean boolean0 = dOMNodePointer0.equals(""79t<8=6$\""(>T"");
    assertFalse(boolean0);
}",0,assertTrue(boolean0)
project,0,test5458,"public void test5458() throws Throwable {
    IIOMetadataNode iIOMetadataNode0 = new IIOMetadataNode(""79t<8=6$\""(>T"");
    Locale locale0 = Locale.SIMPLIFIED_CHINESE;
    DOMNodePointer dOMNodePointer0 = new DOMNodePointer(iIOMetadataNode0, locale0);
    QName qName0 = dOMNodePointer0.getName();
    NodePointer nodePointer0 = NodePointer.newChildNodePointer(dOMNodePointer0, qName0, iIOMetadataNode0);
    JXPathContext jXPathContext0 = JXPathContext.newContext((Object) """");
    NodeNameTest nodeNameTest0 = new NodeNameTest(qName0, (String) null);
    // Undeclared exception!
    try {
        nodePointer0.createChild(jXPathContext0, qName0, 47, (Object) nodeNameTest0);
        fail(""Expecting exception: RuntimeException"");
    } catch (RuntimeException e) {
        //
        // Factory is not set on the JXPathContext - cannot create path: /79t<8=6$\""(>T[1]
        //
        verifyException(""org.apache.commons.jxpath.ri.model.NodePointer"", e);
    }
}",1,
project,0,test5559,"public void test5559() throws Throwable {
    IIOMetadataNode iIOMetadataNode0 = new IIOMetadataNode(""\""descendant:"");
    DOMNodePointer dOMNodePointer0 = new DOMNodePointer(iIOMetadataNode0, (Locale) null);
    // Undeclared exception!
    try {
        dOMNodePointer0.remove();
        fail(""Expecting exception: RuntimeException"");
    } catch (RuntimeException e) {
        //
        // Cannot remove root DOM node
        //
        verifyException(""org.apache.commons.jxpath.ri.model.dom.DOMNodePointer"", e);
    }
}",1,
project,0,test5660,"public void test5660() throws Throwable {
    IIOMetadataNode iIOMetadataNode0 = new IIOMetadataNode();
    Node node0 = iIOMetadataNode0.insertBefore(iIOMetadataNode0, iIOMetadataNode0);
    Locale locale0 = Locale.ENGLISH;
    DOMNodePointer dOMNodePointer0 = new DOMNodePointer(node0, locale0, """");
    dOMNodePointer0.remove();
    assertTrue(dOMNodePointer0.isNode());
}",0,assertTrue(dOMNodePointer0.isNode())
project,0,test5761,"public void test5761() throws Throwable {
    IIOMetadataNode iIOMetadataNode0 = new IIOMetadataNode("""");
    iIOMetadataNode0.setAttribute("""", (String) null);
    Locale locale0 = Locale.ITALY;
    DOMNodePointer dOMNodePointer0 = new DOMNodePointer(iIOMetadataNode0, locale0, """");
    ProcessingInstructionTest processingInstructionTest0 = new ProcessingInstructionTest(""xml:space"");
    JXPathContext jXPathContext0 = JXPathContext.newContext((Object) processingInstructionTest0);
    QName qName0 = dOMNodePointer0.getName();
    dOMNodePointer0.createAttribute(jXPathContext0, qName0);
    assertEquals("""", qName0.getName());
}",0,assertNotNull(qName0.getName())
project,0,test5762,"public void test5762() throws Throwable {
    IIOMetadataNode iIOMetadataNode0 = new IIOMetadataNode("""");
    iIOMetadataNode0.setAttribute("""", (String) null);
    Locale locale0 = Locale.ITALY;
    DOMNodePointer dOMNodePointer0 = new DOMNodePointer(iIOMetadataNode0, locale0, """");
    ProcessingInstructionTest processingInstructionTest0 = new ProcessingInstructionTest(""xml:space"");
    JXPathContext jXPathContext0 = JXPathContext.newContext((Object) processingInstructionTest0);
    QName qName0 = dOMNodePointer0.getName();
    dOMNodePointer0.createAttribute(jXPathContext0, qName0);
    assertEquals("""", qName0.toString());
}",0,
project,0,test5863,"public void test5863() throws Throwable {
    Locale locale0 = Locale.CHINESE;
    DOMNodePointer dOMNodePointer0 = new DOMNodePointer((Node) null, locale0);
    JXPathContext jXPathContext0 = JXPathContext.newContext((Object) null);
    QName qName0 = new QName(""<<unknown namespace>>"");
    // Undeclared exception!
    try {
        dOMNodePointer0.createAttribute(jXPathContext0, qName0);
        fail(""Expecting exception: NullPointerException"");
    } catch (NullPointerException e) {
        //
        // no message in exception (getMessage() returned null)
        //
        verifyException(""org.apache.commons.jxpath.ri.model.dom.DOMNodePointer"", e);
    }
}",0,
project,0,test5964,"public void test5964() throws Throwable {
    IIOMetadataNode iIOMetadataNode0 = new IIOMetadataNode();
    Locale locale0 = Locale.SIMPLIFIED_CHINESE;
    DOMNodePointer dOMNodePointer0 = new DOMNodePointer(iIOMetadataNode0, locale0, ""org.apache.commons.jxpath.ri.compiler.NodeTypeTest@0000000003"");
    dOMNodePointer0.setValue(dOMNodePointer0);
    assertTrue(dOMNodePointer0.isNode());
}",0,assertTrue(dOMNodePointer0.isNode())
project,0,test6065,"public void test6065() throws Throwable {
    IIOMetadataNode iIOMetadataNode0 = new IIOMetadataNode();
    Locale locale0 = Locale.ITALIAN;
    DOMNodePointer dOMNodePointer0 = new DOMNodePointer(iIOMetadataNode0, locale0);
    TypeConverter typeConverter0 = mock(TypeConverter.class, new ViolatedAssumptionAnswer());
    doReturn((Object) null).when(typeConverter0).convert(any(), any(java.lang.Class.class));
    TypeUtils.setTypeConverter(typeConverter0);
    dOMNodePointer0.setValue(dOMNodePointer0);
    assertTrue(dOMNodePointer0.isActual());
}",0,assertTrue(dOMNodePointer0.isActual())
project,0,test6166,"public void test6166() throws Throwable {
    IIOMetadataNode iIOMetadataNode0 = new IIOMetadataNode("""");
    Locale locale0 = Locale.ITALY;
    DOMNodePointer dOMNodePointer0 = new DOMNodePointer(iIOMetadataNode0, locale0, """");
    NodeTypeTest nodeTypeTest0 = new NodeTypeTest((-1794593710));
    // Undeclared exception!
    try {
        dOMNodePointer0.setValue(nodeTypeTest0);
        fail(""Expecting exception: NullPointerException"");
    } catch (NullPointerException e) {
        //
        // no message in exception (getMessage() returned null)
        //
        verifyException(""org.apache.commons.jxpath.ri.model.dom.DOMNodePointer"", e);
    }
}",0,
project,0,test6267,"public void test6267() throws Throwable {
    IIOMetadataNode iIOMetadataNode0 = new IIOMetadataNode("""");
    Locale locale0 = Locale.ITALY;
    DOMNodePointer dOMNodePointer0 = new DOMNodePointer(iIOMetadataNode0, locale0, """");
    dOMNodePointer0.setValue(iIOMetadataNode0);
    assertFalse(dOMNodePointer0.isContainer());
}",0,
project,0,test6368,"public void test6368() throws Throwable {
    IIOMetadataNode iIOMetadataNode0 = new IIOMetadataNode("""");
    iIOMetadataNode0.setAttribute("""", (String) null);
    String string0 = DOMNodePointer.findEnclosingAttribute(iIOMetadataNode0, """");
    assertNull(string0);
}",0,
project,0,test6469,"public void test6469() throws Throwable {
    IIOMetadataNode iIOMetadataNode0 = new IIOMetadataNode(""["");
    Locale locale0 = Locale.KOREA;
    DOMNodePointer dOMNodePointer0 = new DOMNodePointer(iIOMetadataNode0, locale0, ""]"");
    boolean boolean0 = dOMNodePointer0.isLeaf();
    assertTrue(boolean0);
}",0,assertTrue(boolean0)
project,0,test6570,"public void test6570() throws Throwable {
    IIOMetadataNode iIOMetadataNode0 = new IIOMetadataNode(""\""descendant:"");
    iIOMetadataNode0.insertBefore(iIOMetadataNode0, iIOMetadataNode0);
    DOMNodePointer dOMNodePointer0 = new DOMNodePointer(iIOMetadataNode0, (Locale) null);
    boolean boolean0 = dOMNodePointer0.isLeaf();
    assertFalse(boolean0);
}",0,assertTrue(boolean0)
project,0,test6671,"public void test6671() throws Throwable {
    IIOMetadataNode iIOMetadataNode0 = new IIOMetadataNode("""");
    Locale locale0 = Locale.ITALY;
    DOMNodePointer dOMNodePointer0 = new DOMNodePointer(iIOMetadataNode0, locale0, """");
    dOMNodePointer0.getDefaultNamespaceURI();
    String string0 = dOMNodePointer0.getNamespaceURI((String) null);
    assertNull(string0);
}",0,
project,0,test6772,"public void test6772() throws Throwable {
    IIOMetadataNode iIOMetadataNode0 = new IIOMetadataNode();
    Locale locale0 = Locale.GERMAN;
    DOMNodePointer dOMNodePointer0 = new DOMNodePointer(iIOMetadataNode0, locale0);
    QName qName0 = new QName(""http://www.w3.org/XML/1998/namespace"");
    dOMNodePointer0.attributeIterator(qName0);
    NodeNameTest nodeNameTest0 = new NodeNameTest(qName0);
    JXPathContext jXPathContext0 = JXPathContext.newContext((JXPathContext) null, (Object) nodeNameTest0);
    // Undeclared exception!
    try {
        dOMNodePointer0.createAttribute(jXPathContext0, qName0);
        fail(""Expecting exception: RuntimeException"");
    } catch (RuntimeException e) {
        //
        // Unknown namespace prefix: http
        //
        verifyException(""org.apache.commons.jxpath.ri.model.dom.DOMNodePointer"", e);
    }
}",0,
project,0,test6873,"public void test6873() throws Throwable {
    IIOMetadataNode iIOMetadataNode0 = new IIOMetadataNode(""xml:space"");
    Locale locale0 = Locale.ITALY;
    DOMNodePointer dOMNodePointer0 = new DOMNodePointer(iIOMetadataNode0, locale0, ""xml:space"");
    ProcessingInstructionTest processingInstructionTest0 = new ProcessingInstructionTest(""xml:space"");
    JXPathContext jXPathContext0 = JXPathContext.newContext((Object) processingInstructionTest0);
    QName qName0 = dOMNodePointer0.getName();
    // Undeclared exception!
    try {
        dOMNodePointer0.createAttribute(jXPathContext0, qName0);
        fail(""Expecting exception: IndexOutOfBoundsException"");
    } catch (IndexOutOfBoundsException e) {
        //
        // Index: 0, Size: 0
        //
        verifyException(""java.util.ArrayList"", e);
    }
}",0,
project,0,test6974,"public void test6974() throws Throwable {
    IIOMetadataNode iIOMetadataNode0 = new IIOMetadataNode("""");
    Locale locale0 = Locale.ITALY;
    DOMNodePointer dOMNodePointer0 = new DOMNodePointer(iIOMetadataNode0, locale0, """");
    QName qName0 = new QName(""http://www.w3.org/XML/1998/namespace"", """");
    dOMNodePointer0.attributeIterator(qName0);
    String string0 = dOMNodePointer0.getNamespaceURI(""xml:space"");
    assertNull(string0);
}",0,
project,0,test7075,"public void test7075() throws Throwable {
    IIOMetadataNode iIOMetadataNode0 = new IIOMetadataNode(""org.apache.commons.jxpath.ri.model.dom.DOMNodePointer"");
    Locale locale0 = Locale.KOREA;
    DOMNodePointer dOMNodePointer0 = new DOMNodePointer(iIOMetadataNode0, locale0, ""]"");
    dOMNodePointer0.getNamespaceResolver();
    NamespaceResolver namespaceResolver0 = dOMNodePointer0.getNamespaceResolver();
    assertFalse(namespaceResolver0.isSealed());
}",0,assertTrue(namespaceResolver0.isSealed())
project,0,test7176,"public void test7176() throws Throwable {
    IIOMetadataNode iIOMetadataNode0 = new IIOMetadataNode();
    NodeTypeTest nodeTypeTest0 = new NodeTypeTest(0);
    boolean boolean0 = DOMNodePointer.testNode((Node) iIOMetadataNode0, (NodeTest) nodeTypeTest0);
    assertFalse(boolean0);
}",0,
project,0,test7277,"public void test7277() throws Throwable {
    IIOMetadataNode iIOMetadataNode0 = new IIOMetadataNode();
    NodeTypeTest nodeTypeTest0 = new NodeTypeTest(3);
    boolean boolean0 = DOMNodePointer.testNode((Node) iIOMetadataNode0, (NodeTest) nodeTypeTest0);
    assertFalse(boolean0);
}",0,
project,0,test7378,"public void test7378() throws Throwable {
    QName qName0 = new QName("" o|=cMEo\n`&rLa/ae"", "" of "");
    NodeNameTest nodeNameTest0 = new NodeNameTest(qName0, "" o|=cMEo\n`&rLa/ae"");
    IIOMetadataNode iIOMetadataNode0 = new IIOMetadataNode(""**&lLY&Mh"");
    boolean boolean0 = DOMNodePointer.testNode((Node) iIOMetadataNode0, (NodeTest) nodeNameTest0);
    assertFalse(boolean0);
}",0,
project,0,test7479,"public void test7479() throws Throwable {
    IIOMetadataNode iIOMetadataNode0 = new IIOMetadataNode("""");
    Locale locale0 = Locale.ITALY;
    DOMNodePointer dOMNodePointer0 = new DOMNodePointer(iIOMetadataNode0, locale0, """");
    ProcessingInstructionTest processingInstructionTest0 = new ProcessingInstructionTest(""xml:space"");
    boolean boolean0 = dOMNodePointer0.testNode((NodeTest) processingInstructionTest0);
    assertFalse(boolean0);
}",0,assertTrue(boolean0)
project,0,test7580,"public void test7580() throws Throwable {
    IIOMetadataNode iIOMetadataNode0 = new IIOMetadataNode();
    boolean boolean0 = DOMNodePointer.testNode((Node) iIOMetadataNode0, (NodeTest) null);
    assertTrue(boolean0);
}",0,
project,0,test7681,"public void test7681() throws Throwable {
    Locale locale0 = Locale.JAPAN;
    DOMNodePointer dOMNodePointer0 = new DOMNodePointer((Node) null, locale0);
    ProcessingInstructionTest processingInstructionTest0 = new ProcessingInstructionTest(""VcO&&zth"");
    NodeIterator nodeIterator0 = dOMNodePointer0.childIterator(processingInstructionTest0, true, dOMNodePointer0);
    assertEquals(0, nodeIterator0.getPosition());
}",0,"assertEquals(0, nodeIterator0.getPosition())"
project,0,test7782,"public void test7782() throws Throwable {
    IIOMetadataNode iIOMetadataNode0 = new IIOMetadataNode();
    DOMNodePointer dOMNodePointer0 = new DOMNodePointer((NodePointer) null, iIOMetadataNode0);
    boolean boolean0 = dOMNodePointer0.isActual();
    assertTrue(boolean0);
}",0,assertTrue(boolean0)
project,0,test7983,"public void test7983() throws Throwable {
    IIOMetadataNode iIOMetadataNode0 = new IIOMetadataNode("""");
    Locale locale0 = Locale.ENGLISH;
    DOMNodePointer dOMNodePointer0 = new DOMNodePointer(iIOMetadataNode0, locale0, ""Lwlq8hR*hLL`$^%"");
    int int0 = dOMNodePointer0.getLength();
    assertEquals(1, int0);
}",0,"assertEquals(0, int0)"
project,0,test8084,"public void test8084() throws Throwable {
    IIOMetadataNode iIOMetadataNode0 = new IIOMetadataNode(""["");
    Locale locale0 = Locale.KOREA;
    DOMNodePointer dOMNodePointer0 = new DOMNodePointer(iIOMetadataNode0, locale0, ""]"");
    String string0 = dOMNodePointer0.getNamespaceURI();
    assertNull(string0);
}",0,
project,0,test8185,"public void test8185() throws Throwable {
    IIOMetadataNode iIOMetadataNode0 = new IIOMetadataNode(""org.apache.commons.jxpath.ri.model.dom.DOMNodePointer"");
    Locale locale0 = Locale.KOREA;
    DOMNodePointer dOMNodePointer0 = new DOMNodePointer(iIOMetadataNode0, locale0, ""]"");
    boolean boolean0 = dOMNodePointer0.isLanguage(""coreano"");
    assertFalse(boolean0);
}",0,assertTrue(boolean0)
project,0,test8286,"public void test8286() throws Throwable {
    IIOMetadataNode iIOMetadataNode0 = new IIOMetadataNode(""["");
    Locale locale0 = Locale.KOREA;
    DOMNodePointer dOMNodePointer0 = new DOMNodePointer(iIOMetadataNode0, locale0, ""]"");
    QName qName0 = dOMNodePointer0.getName();
    NodePointer nodePointer0 = dOMNodePointer0.createAttribute((JXPathContext) null, qName0);
    int int0 = dOMNodePointer0.compareChildNodePointers(dOMNodePointer0, nodePointer0);
    assertEquals(""["", qName0.toString());
}",0,assertNotNull(qName0.toString())
project,0,test8287,"public void test8287() throws Throwable {
    IIOMetadataNode iIOMetadataNode0 = new IIOMetadataNode(""["");
    Locale locale0 = Locale.KOREA;
    DOMNodePointer dOMNodePointer0 = new DOMNodePointer(iIOMetadataNode0, locale0, ""]"");
    QName qName0 = dOMNodePointer0.getName();
    NodePointer nodePointer0 = dOMNodePointer0.createAttribute((JXPathContext) null, qName0);
    int int0 = dOMNodePointer0.compareChildNodePointers(dOMNodePointer0, nodePointer0);
    assertEquals(1, int0);
}",0,
project,0,test8388,"public void test8388() throws Throwable {
    IIOMetadataNode iIOMetadataNode0 = new IIOMetadataNode("""");
    Locale locale0 = Locale.ENGLISH;
    DOMNodePointer dOMNodePointer0 = new DOMNodePointer(iIOMetadataNode0, locale0, ""Lwlq8hR*hLL`$^%"");
    boolean boolean0 = dOMNodePointer0.isCollection();
    assertFalse(boolean0);
}",0,assertTrue(boolean0)
