focal_method,test_prefix,docstring
"public String getSymbol() {
    return "">="";
}","public void test00() throws Throwable {
    Expression[] expressionArray0 = new Expression[0];
    CoreOperationAdd coreOperationAdd0 = new CoreOperationAdd(expressionArray0);
    CoreOperationGreaterThanOrEqual coreOperationGreaterThanOrEqual0 = new CoreOperationGreaterThanOrEqual(coreOperationAdd0, coreOperationAdd0);
    String string0 = coreOperationGreaterThanOrEqual0.getSymbol();
    assertEquals("">="", string0);
}",""
"public Object computeValue(org.apache.commons.jxpath.ri.EvalContext context) {
    double l = org.apache.commons.jxpath.ri.InfoSetUtil.doubleValue(args[0].computeValue(context));
    double r = org.apache.commons.jxpath.ri.InfoSetUtil.doubleValue(args[1].computeValue(context));
    return l >= r ? Boolean.TRUE : Boolean.FALSE;
}","public void test11() throws Throwable {
    Constant constant0 = new Constant(""''"");
    CoreOperationMultiply coreOperationMultiply0 = new CoreOperationMultiply(constant0, constant0);
    CoreOperationGreaterThanOrEqual coreOperationGreaterThanOrEqual0 = new CoreOperationGreaterThanOrEqual(coreOperationMultiply0, coreOperationMultiply0);
    QName qName0 = new QName(""|BOU$lydGisag/,+"");
    Locale locale0 = Locale.CANADA;
    NodePointer nodePointer0 = NodePointer.newNodePointer(qName0, "">="", locale0);
    JXPathContextReferenceImpl jXPathContextReferenceImpl0 = new JXPathContextReferenceImpl((JXPathContext) null, constant0, nodePointer0);
    EvalContext evalContext0 = jXPathContextReferenceImpl0.getAbsoluteRootContext();
    PredicateContext predicateContext0 = new PredicateContext(evalContext0, constant0);
    Object object0 = coreOperationGreaterThanOrEqual0.computeValue(predicateContext0);
    assertEquals(false, object0);
}",""
"public Object computeValue(org.apache.commons.jxpath.ri.EvalContext context) {
    double l = org.apache.commons.jxpath.ri.InfoSetUtil.doubleValue(args[0].computeValue(context));
    double r = org.apache.commons.jxpath.ri.InfoSetUtil.doubleValue(args[1].computeValue(context));
    return l >= r ? Boolean.TRUE : Boolean.FALSE;
}","public void test22() throws Throwable {
    Expression[] expressionArray0 = new Expression[0];
    CoreOperationAdd coreOperationAdd0 = new CoreOperationAdd(expressionArray0);
    CoreOperationGreaterThanOrEqual coreOperationGreaterThanOrEqual0 = new CoreOperationGreaterThanOrEqual(coreOperationAdd0, coreOperationAdd0);
    Object object0 = coreOperationGreaterThanOrEqual0.computeValue((EvalContext) null);
    assertEquals(true, object0);
}",""
