project,bug_num,test_name,exception_bug,assertion_bug,exception_lbl,assertion_lbl,assert_err
project,0,test000,0,0,False,"",""
project,0,test011,0,0,False,"",""
project,0,test022,0,0,False,"",""
project,0,test033,0,0,False,"",""
project,0,test055,0,0,False,"",""
project,0,test077,0,0,False,"",""
project,0,test0910,0,0,False,"",""
project,0,test1011,0,0,False,"",""
